Orbits,0,2,3,9,12,1,5,8,13,4,6,7
0,1,0.28,0.67,0.52,0.24,-0.38,-0.27,-0.19,-0.3,0.26,0.5,-0.28
2,0.28,1,0.19,0.14,0.42,-0.3,0.51,-0.21,-0.14,0.91,0.02,0.36
3,0.67,0.19,1,0.37,0.23,-0.19,-0.19,-0.09,-0.19,0.15,0.71,-0.17
9,0.52,0.14,0.37,1,0.2,-0.09,0.01,0.09,-0.08,0.11,0.44,-0.02
12,0.24,0.42,0.23,0.2,1,0.12,0.45,0.18,0.01,0.46,0.24,0.46
1,-0.38,-0.3,-0.19,-0.09,0.12,1,0.37,0.72,0.47,-0.32,0.29,0.48
5,-0.27,0.51,-0.19,0.01,0.45,0.37,1,0.19,0.19,0.5,-0.04,0.88
8,-0.19,-0.21,-0.09,0.09,0.18,0.72,0.19,1,0.59,-0.2,0.42,0.25
13,-0.3,-0.14,-0.19,-0.08,0.01,0.47,0.19,0.59,1,-0.1,0.15,0.25
4,0.26,0.91,0.15,0.11,0.46,-0.32,0.5,-0.2,-0.1,1,-0.01,0.32
6,0.5,0.02,0.71,0.44,0.24,0.29,-0.04,0.42,0.15,-0.01,1,0.06
7,-0.28,0.36,-0.17,-0.02,0.46,0.48,0.88,0.25,0.25,0.32,0.06,1
